0
1.52249e-05
2.76835e-05
3.78535e-05
0.00482962
0.00878962
0.0120387
0.0146871
0.0146667
0.0145651
0.0143535
0.0139645
0.0137504
0.0134943
0.0130132
0.0124844
0.0119417
0.0113969
0.0108519
0.0103067
0.00976155
0.00921641
0.00867131
0.00812629
0.00758141
0.0070369
0.00649452
0.00596601
0.00548526
0.00522933
0.00501533
0.0046262
0.00441387
0.00431049
0.00428804
0.00338218
0.0023909
0.00128342
9.5039e-06
6.94477e-06
3.88676e-06
0
0
1.52229e-05
2.76797e-05
3.78497e-05
0.00483033
0.00879115
0.0120414
0.0146906
0.0146704
0.0145697
0.014361
0.0139778
0.0137645
0.0135067
0.0130187
0.0124854
0.0119418
0.011397
0.0108519
0.0103067
0.00976154
0.0092164
0.00867131
0.00812628
0.00758138
0.00703681
0.00649353
0.00596055
0.00547291
0.00521519
0.00500206
0.00461876
0.00440931
0.00430689
0.00428462
0.00338029
0.00238973
0.00128287
9.50204e-06
6.94382e-06
3.88638e-06
0
0
1.52166e-05
2.76684e-05
3.78384e-05
0.00483226
0.00879535
0.0120484
0.014701
0.0146813
0.0145834
0.0143829
0.0140181
0.0138092
0.0135459
0.0130337
0.0124873
0.0119421
0.0113971
0.0108519
0.0103067
0.00976154
0.00921639
0.00867128
0.00812625
0.00758127
0.00703653
0.0064916
0.00594558
0.0054337
0.00517058
0.00496176
0.00459696
0.00439576
0.00429615
0.00427442
0.00337384
0.00238586
0.00128103
9.49648e-06
6.94096e-06
3.88523e-06
0
0
1.52062e-05
2.76495e-05
3.78194e-05
0.00483539
0.00880218
0.0120598
0.0147181
0.0146992
0.0146058
0.0144178
0.0140858
0.0138923
0.0136215
0.0130508
0.0124878
0.0119428
0.0113971
0.0108519
0.0103067
0.00976153
0.00921636
0.00867125
0.00812618
0.00758123
0.0070358
0.00649109
0.00592843
0.00535823
0.00508761
0.00489424
0.00456221
0.00437351
0.00427847
0.0042576
0.00336296
0.00237933
0.00127792
9.48726e-06
6.93621e-06
3.88332e-06
0
0
1.51917e-05
2.76231e-05
3.77928e-05
0.00483969
0.00881157
0.0120755
0.0147417
0.014724
0.0146365
0.0144642
0.0141763
0.0140259
0.0137712
0.0130369
0.0124921
0.0119423
0.0113973
0.0108519
0.0103067
0.00976151
0.00921633
0.00867119
0.00812613
0.007581
0.00703621
0.00648675
0.00594236
0.00520859
0.00495409
0.00480382
0.00451598
0.0043432
0.00425413
0.00423442
0.00334779
0.0023702
0.00127356
9.4744e-06
6.92956e-06
3.88065e-06
0
0
1.51736e-05
2.759e-05
3.77595e-05
0.00484496
0.00882308
0.0120948
0.0147706
0.0147541
0.0146735
0.0145184
0.0142812
0.0141699
0.0141151
0.0132607
0.0126252
0.0120318
0.0114523
0.0108797
0.0103109
0.00974434
0.00917918
0.00861458
0.00804957
0.00748274
0.00691084
0.00632695
0.0057032
0.00486509
0.00481028
0.00469911
0.00446209
0.00430656
0.00422446
0.00420607
0.00332911
0.0023589
0.00126817
9.45841e-06
6.92129e-06
3.87733e-06
0
0
1.51503e-05
2.75475e-05
3.77163e-05
0.00485156
0.00883755
0.012119
0.0148068
0.0147919
0.014719
0.0145834
0.0143974
0.0143352
0.014309
0.0134638
0.012761
0.0121235
0.0115102
0.0109095
0.0103162
0.00972751
0.00914157
0.00855676
0.00797119
0.00738204
0.00678397
0.00616552
0.00548628
0.00467135
0.00464526
0.00458316
0.00439738
0.00426153
0.0041874
0.00417058
0.00330555
0.00234458
0.00126131
9.438e-06
6.9107e-06
3.87306e-06
0
0
1.51213e-05
2.74943e-05
3.76619e-05
0.00485958
0.00885519
0.0121486
0.0148507
0.0148375
0.0147732
0.0146581
0.0145185
0.0144805
0.0144656
0.0136322
0.0128928
0.0122154
0.0115693
0.0109405
0.0103222
0.00971076
0.00910344
0.00849791
0.00789146
0.00728019
0.00665742
0.00600902
0.00530493
0.0045149
0.00450006
0.0044622
0.00432311
0.00420796
0.00414261
0.00412753
0.00327673
0.00232697
0.00125286
9.41264e-06
6.89751e-06
3.86775e-06
0
0
1.50858e-05
2.74289e-05
3.75944e-05
0.00486907
0.00887619
0.0121838
0.0149028
0.0148914
0.014836
0.0147412
0.0146382
0.0146132
0.0146037
0.0137772
0.0130151
0.0123052
0.0116283
0.0109717
0.0103283
0.00969373
0.00906465
0.00843815
0.00781089
0.00717828
0.00653303
0.00586233
0.00514739
0.00437689
0.00436751
0.00434272
0.0042404
0.004146
0.00408981
0.00407662
0.0032423
0.00230581
0.00124267
9.38177e-06
6.88139e-06
3.86125e-06
0
0
1.5043e-05
2.73496e-05
3.75117e-05
0.00488004
0.00890063
0.0122249
0.0149632
0.0149537
0.0149071
0.0148311
0.0147553
0.0147381
0.0147316
0.0139065
0.0131275
0.0123908
0.0116856
0.0110021
0.0103338
0.00967592
0.00902497
0.00837754
0.00772989
0.00707714
0.0064123
0.00572538
0.00500546
0.00424906
0.00424271
0.00422576
0.00415099
0.00407588
0.00402891
0.00401765
0.00320201
0.00228087
0.00123061
9.34481e-06
6.862e-06
3.85342e-06
0
0
1.49919e-05
2.72545e-05
3.74114e-05
0.00489243
0.00892853
0.012272
0.0150322
0.0150245
0.0149863
0.0149265
0.0148705
0.0148583
0.0148537
0.0140252
0.013231
0.0124711
0.0117399
0.0110306
0.0103377
0.00965675
0.00898405
0.00831601
0.00764867
0.00697725
0.00629561
0.00559648
0.0048737
0.0041269
0.00412243
0.00411056
0.00405619
0.00399796
0.00395988
0.00395054
0.00315565
0.00225198
0.00121657
9.30115e-06
6.83897e-06
3.84411e-06
0
0
1.49317e-05
2.71416e-05
3.72906e-05
0.00490609
0.00895979
0.0123252
0.0151099
0.0151038
0.0150731
0.0150266
0.014985
0.0149761
0.0149726
0.0141367
0.0133271
0.0125458
0.0117902
0.0110561
0.0103391
0.00963546
0.00894137
0.00825326
0.00756718
0.00687864
0.00618249
0.00547356
0.00474835
0.00400756
0.00400434
0.00399595
0.00395668
0.00391269
0.00388285
0.00387535
0.00310313
0.002219
0.00120046
9.25014e-06
6.81191e-06
3.83315e-06
0
0
1.48612e-05
2.70085e-05
3.71457e-05
0.00492075
0.00899411
0.0123842
0.0151962
0.0151915
0.0151672
0.0151311
0.0150998
0.0150931
0.0150905
0.0142431
0.0134168
0.0126145
0.0118354
0.0110774
0.010337
0.00961109
0.00889619
0.00818877
0.00748503
0.00678085
0.00607198
0.00535461
0.00462665
0.003889
0.00388664
0.0038807
0.00385271
0.00382047
0.00379802
0.00379224
0.00304447
0.00218189
0.00118224
9.19113e-06
6.78041e-06
3.82036e-06
0
0
1.47794e-05
2.68526e-05
3.69726e-05
0.00493597
0.00903095
0.0124489
0.0152912
0.0152877
0.0152685
0.0152402
0.0152158
0.0152107
0.0152085
0.0143458
0.0135009
0.012677
0.0118748
0.0110932
0.01033
0.00958248
0.00884748
0.00812168
0.00740146
0.00668305
0.0059628
0.00523775
0.00450644
0.0037696
0.00376786
0.00376368
0.00374418
0.00372157
0.00370568
0.0037015
0.00297985
0.0021407
0.00116187
9.12347e-06
6.74401e-06
3.80554e-06
0
0
1.46849e-05
2.66708e-05
3.67665e-05
0.00495104
0.00906942
0.0125187
0.0153948
0.0153924
0.015377
0.0153539
0.0153339
0.0153296
0.0153278
0.0144457
0.0135796
0.0127329
0.0119072
0.0111023
0.0103166
0.00954809
0.00879387
0.00805077
0.00731535
0.00658405
0.00585356
0.0051213
0.00438598
0.00364803
0.00364673
0.00364382
0.00363076
0.00361614
0.00360621
0.00360354
0.00290961
0.00209558
0.00113939
9.04647e-06
6.70227e-06
3.7885e-06
0
0
1.45765e-05
2.64599e-05
3.65213e-05
0.00496493
0.00910811
0.0125925
0.0155072
0.0155055
0.0154928
0.0154726
0.0154545
0.0154505
0.0154488
0.014543
0.0136525
0.0127812
0.011931
0.0111025
0.0102948
0.00950596
0.00873353
0.00797441
0.00722521
0.00648243
0.00574282
0.00500378
0.00426385
0.00352316
0.00352215
0.00352014
0.00351193
0.00350422
0.00350007
0.00349897
0.00283431
0.00204683
0.00111485
8.95947e-06
6.6547e-06
3.76902e-06
0
0
1.44528e-05
2.62162e-05
3.62302e-05
0.0049761
0.00914488
0.0126687
0.0156284
0.0156274
0.0156165
0.0155969
0.0155777
0.0155734
0.0155715
0.0146369
0.0137184
0.01282
0.0119441
0.0110915
0.0102618
0.00945352
0.00866408
0.00789046
0.00712917
0.00637658
0.00562917
0.00488398
0.00413904
0.00339408
0.00339321
0.00339168
0.00338682
0.00338557
0.00338795
0.00338876
0.00275485
0.00199485
0.00108836
8.86177e-06
6.60086e-06
3.74687e-06
0
0
1.43122e-05
2.59357e-05
3.58846e-05
0.00498238
0.00917656
0.0127446
0.0157584
0.0157585
0.0157494
0.0157275
0.0157031
0.0156975
0.015695
0.014726
0.0137751
0.0128465
0.011943
0.0110657
0.0102143
0.00938733
0.00858237
0.00779615
0.00702492
0.00626465
0.00551132
0.00476118
0.00401123
0.00326024
0.00325935
0.00325758
0.00325399
0.00325956
0.00327101
0.00327467
0.00267252
0.00194017
0.00106001
8.75269e-06
6.54026e-06
3.72183e-06
0
0
1.41533e-05
2.5614e-05
3.54748e-05
0.00498062
0.00919863
0.0128149
0.015896
0.015899
0.015894
0.0158663
0.015829
0.01582
0.0158167
0.0148069
0.0138188
0.0128565
0.0119231
0.0110201
0.0101471
0.0093028
0.00848427
0.00768794
0.0069096
0.00614462
0.00538818
0.00463539
0.00388157
0.00312287
0.00312065
0.00311734
0.00311056
0.00312441
0.00315152
0.00316028
0.00258893
0.00188345
0.00102989
8.6315e-06
6.47249e-06
3.69364e-06
0
0
1.39743e-05
2.52466e-05
3.4989e-05
0.00496637
0.00920421
0.0128737
0.0160288
0.0160547
0.0160525
0.0160209
0.0159468
0.0159363
0.0159323
0.0148751
0.0138438
0.0128434
0.0118775
0.0109477
0.0100537
0.00919371
0.00836429
0.00756123
0.00677963
0.00601408
0.00525879
0.00450751
0.00375344
0.00298867
0.00298342
0.00296643
0.00295317
0.00297256
0.00303812
0.0030493
0.00250633
0.00182518
0.000997974
8.49747e-06
6.39715e-06
3.66206e-06
0
0
1.37284e-05
2.47334e-05
3.42795e-05
0.00492308
0.00917464
0.0129136
0.0161711
0.0162002
0.0162023
0.016164
0.0160753
0.0160611
0.016056
0.0149301
0.0138365
0.0127823
0.0117725
0.0108092
0.00989137
0.00901606
0.00817869
0.00737382
0.00659543
0.00583704
0.00509165
0.00435146
0.0036074
0.00284813
0.00284144
0.00282243
0.00280426
0.00283111
0.00291274
0.00292924
0.00241031
0.0017528
0.000956471
8.31683e-06
6.29538e-06
3.61893e-06
0
0
1.34617e-05
2.41671e-05
3.34559e-05
0.00484112
0.00908546
0.0128977
0.0162638
0.0162931
0.0162959
0.0162574
0.0161677
0.0161531
0.0161479
0.0149392
0.0137704
0.0126539
0.0115971
0.0106018
0.0096652
0.00878184
0.00794504
0.00714765
0.00638241
0.00564183
0.00491806
0.00420243
0.00348484
0.0027528
0.00274608
0.0027271
0.00270916
0.00273746
0.0028209
0.00283803
0.00232494
0.00168081
0.000912887
8.1247e-06
6.18736e-06
3.57243e-06
0
0
1.31749e-05
2.35487e-05
3.25102e-05
0.0047076
0.00890828
0.0128006
0.0163037
0.0163325
0.016332
0.0163005
0.016222
0.016211
0.0162067
0.0148876
0.0136208
0.0124299
0.0113242
0.0103026
0.00935659
0.00847607
0.00765116
0.00687273
0.0061323
0.00542178
0.00473301
0.00405734
0.00338512
0.00270481
0.00269925
0.00268126
0.00266899
0.00269228
0.002765
0.00277744
0.00224763
0.00160568
0.000865687
7.92186e-06
6.07415e-06
3.52269e-06
0
0
1.28691e-05
2.28804e-05
3.14375e-05
0.00451067
0.00860116
0.0125747
0.0163081
0.0163095
0.0163059
0.0162812
0.0162496
0.0162411
0.0162377
0.0147461
0.013341
0.0120606
0.0109147
0.00988279
0.00894439
0.0080827
0.00728432
0.00653837
0.00583569
0.00516821
0.00452828
0.00390802
0.00329908
0.00269313
0.00269182
0.00269091
0.00268986
0.00270816
0.0027343
0.00274336
0.00216917
0.00152052
0.000813056
7.70937e-06
5.95696e-06
3.46982e-06
0
0
1.2589e-05
2.22629e-05
3.04027e-05
0.00428417
0.00818791
0.0121885
0.016298
0.016299
0.0162931
0.0162758
0.0162557
0.0162506
0.0162483
0.0145059
0.0128987
0.0115617
0.0104119
0.00939784
0.00848749
0.00765935
0.00689814
0.00619239
0.00553317
0.00491318
0.0043261
0.00376573
0.00322425
0.00269384
0.00269375
0.00269375
0.00269786
0.00271018
0.00272447
0.00272853
0.00208366
0.001431
0.00076209
7.51829e-06
5.85313e-06
3.42149e-06
0
0
1.22247e-05
2.14544e-05
2.89948e-05
0.00391979
0.00751411
0.0110708
0.016286
0.0162918
0.0162863
0.0162719
0.0162554
0.0162503
0.0162453
0.0135324
0.0119076
0.010637
0.00956271
0.00862197
0.00778143
0.00702032
0.00632452
0.00568392
0.00509109
0.00454071
0.00402921
0.00355458
0.00311509
0.00269515
0.00269487
0.00269533
0.00270022
0.00271032
0.00272029
0.00272214
0.00188777
0.00130224
0.00068953
7.27599e-06
5.72332e-06
3.35852e-06
0
0
1.17832e-05
2.04738e-05
2.72172e-05
0.00340514
0.00645796
0.00943064
0.0115608
0.0125435
0.0129725
0.0130092
0.0126758
0.0123685
0.0118586
0.0111507
0.0101223
0.00915538
0.00828218
0.00749412
0.00677925
0.00612741
0.00553063
0.00498283
0.00447969
0.00401865
0.00359934
0.00322479
0.00290566
0.00267934
0.00255309
0.00246835
0.00233808
0.0022552
0.00214841
0.00197416
0.00161451
0.00111653
0.000594827
6.99475e-06
5.57468e-06
3.28176e-06
0
0
1.11858e-05
1.91602e-05
2.4753e-05
0.00261685
0.00487202
0.00670481
0.00797879
0.00858429
0.00906212
0.00913581
0.0088422
0.00864492
0.00842671
0.00794831
0.00743806
0.00687744
0.00631101
0.00576407
0.00524772
0.00476594
0.00431957
0.00390827
0.00353156
0.00318947
0.00288294
0.00261414
0.00238547
0.00219165
0.00209367
0.00200599
0.00182417
0.00168296
0.00153418
0.0014037
0.00116689
0.000846095
0.000456485
6.64824e-06
5.38939e-06
3.17629e-06
0
0
1.03785e-05
1.74467e-05
2.14828e-05
0.0014988
0.00270797
0.00362251
0.0042396
0.00454975
0.00480204
0.00486433
0.00474541
0.0046599
0.00455044
0.0043512
0.00411146
0.00385195
0.00357985
0.00330433
0.00303354
0.0027734
0.00252775
0.00229893
0.00208834
0.00189684
0.00172487
0.00157238
0.00143867
0.00132372
0.00125949
0.00120178
0.00107055
0.000959855
0.000855913
0.00077517
0.000646024
0.000476757
0.000263547
6.28889e-06
5.16483e-06
3.0294e-06
0
0
9.29539e-06
1.531e-05
1.77087e-05
1.85771e-05
2.02433e-05
2.16221e-05
2.25774e-05
2.30651e-05
2.34854e-05
2.36178e-05
2.34612e-05
2.3331e-05
2.31661e-05
2.2828e-05
2.24146e-05
2.19332e-05
2.13963e-05
2.08153e-05
2.02012e-05
1.95639e-05
1.89127e-05
1.82557e-05
1.75995e-05
1.69495e-05
1.63101e-05
1.56844e-05
1.50746e-05
1.44814e-05
1.41197e-05
1.37645e-05
1.28495e-05
1.1975e-05
1.11349e-05
1.05253e-05
9.64494e-06
8.63275e-06
7.49022e-06
6.23725e-06
4.84684e-06
2.83102e-06
0
0
7.81152e-06
1.24646e-05
1.48599e-05
1.58944e-05
1.66712e-05
1.72832e-05
1.7705e-05
1.792e-05
1.81024e-05
1.81526e-05
1.80651e-05
1.7997e-05
1.79097e-05
1.77333e-05
1.75126e-05
1.72518e-05
1.69545e-05
1.66252e-05
1.62681e-05
1.58877e-05
1.54883e-05
1.50741e-05
1.46487e-05
1.42157e-05
1.37781e-05
1.33386e-05
1.28993e-05
1.24622e-05
1.21907e-05
1.1921e-05
1.12128e-05
1.05216e-05
9.85016e-06
9.36155e-06
8.65835e-06
7.85793e-06
6.9709e-06
6.05175e-06
4.40713e-06
2.52682e-06
0
0
5.79961e-06
9.14694e-06
1.09507e-05
1.15839e-05
1.20305e-05
1.2318e-05
1.24935e-05
1.25752e-05
1.26356e-05
1.26371e-05
1.25778e-05
1.25398e-05
1.24933e-05
1.24012e-05
1.22882e-05
1.2155e-05
1.20027e-05
1.18324e-05
1.16454e-05
1.14431e-05
1.12271e-05
1.09988e-05
1.07598e-05
1.05117e-05
1.02558e-05
9.9936e-06
9.72651e-06
9.45576e-06
9.28524e-06
9.11403e-06
8.65653e-06
8.20001e-06
7.74833e-06
7.41543e-06
6.93096e-06
6.37233e-06
5.74061e-06
5.03884e-06
3.66632e-06
2.04668e-06
0
0
3.2476e-06
5.08783e-06
6.02918e-06
6.33996e-06
6.54019e-06
6.66492e-06
6.73684e-06
6.76813e-06
6.78827e-06
6.78356e-06
6.75414e-06
6.73678e-06
6.716e-06
6.6758e-06
6.62713e-06
6.57027e-06
6.50545e-06
6.43299e-06
6.35322e-06
6.26654e-06
6.17334e-06
6.07406e-06
5.96915e-06
5.8591e-06
5.74439e-06
5.62551e-06
5.50296e-06
5.37725e-06
5.29729e-06
5.21639e-06
4.99724e-06
4.77417e-06
4.54914e-06
4.38046e-06
4.13051e-06
3.83509e-06
3.49037e-06
3.09571e-06
2.27915e-06
1.26298e-06
0
0
0
0
0
0
0
0
0
0
0
0
0
0
0
0
0
0
0
0
0
0
0
0
0
0
0
0
0
0
0
0
0
0
0
0
0
0
0
0
0
0
0